===========================
Comparison of DR only (all loads are non dispatchable)
vs ED + DR (6 dispatchable loads as in Ye et al.)
===========================

Costs For generator from ref. OPTIMAL LOAD FLOW WITH STEADY-STATE SECURITY
Costs for loads with uni prob: (0.1,  0.5) and (0.01, 0.05) for normal loads
Costs for loads with uni prob: (0.25, 1.0) and (0.05, 0.05) for dispatchable loads


DR ED 
Time	Gens	 Loads	 Utility	Tot. MW
0	431.977	304.049	-127.928	150.003
1	464.985	394.693	-70.2923	161.889
2	474.056	395.061	-78.9946	163.427
3	459.945	368.098	-91.8469	160.095
4	458.745	395.601	-63.1436	159.666
5	456.551	370.452	-86.0987	158.882
6	451.646	397.782	-53.8644	157.124
7	458.948	387.438	-71.51		159.739
8	463.253	391.835	-71.4183	161.273
9	460.755	421.834	-38.9212	160.383
10	472.596	403.259	-69.3374	164.586
11	454.692	409.787	-44.9046	158.216
====================================================


DR only
Time	Gens	 Loads	 Utility	Tot. MW
0	516.82	352.449	-164.371	179.957
1	519.977	430.932	-89.0446	179.76
2	552.826	434.104	-118.722	186.59
3	519.248	399.174	-120.074	179.408
4	519.6	429.318	-90.2826	180.907
5	543.118	420.651	-122.466	188.486
6	498.014	427.381	-70.6335	173.481
7	525.974	428.483	-97.491		183.078
8	522.363	422.314	-100.05		181.849
9	542.394	472.73	-69.6635	188.63
10	537.849	438.899	-98.9505	186.211
11	509.506	441.575	-67.9315	177.448
====================================================




====================================================
0	565.84	56.5146	-509.325	183
1	454.8	41.064	-413.736	151.777
2	445.233	40.2322	-405.001	151.861
3	431.399	38.9206	-392.479	149.382
4	423.667	38.193	-385.474	146.96
5	433.266	38.9954	-394.271	150.473
6	446.107	41.5326	-404.574	155.13
7	429.018	38.3624	-390.656	148.922
8	446.603	41.7604	-404.842	155.309
9	421.677	37.4692	-384.207	146.228
10	421.627	36.9436	-384.684	146.21
11	433.123	39.6484	-393.475	150.421
DR Problem Cost: -4537.8
DR Problem check: 1
Time	Gens	 Loads	 Utility	MW
0	525.743	56.5146	-469.228	183
1	516.78	56.6887	-460.091	179.943
2	517.537	55.5536	-461.983	180.202
3	509.384	53.874	-455.51	177.406
4	501.251	52.936	-448.315	174.601
5	512.935	53.8876	-459.047	178.625
6	527.905	57.253	-470.652	183.735
7	507.948	53.1039	-454.844	176.912
8	528.842	57.627	-471.215	184.053
9	498.984	51.7828	-447.202	173.817
10	499.065	51.0859	-447.979	173.844
11	512.572	54.5806	-457.991	178.501

